--For clearing up underline spam in Visual Studio Code
--local getgenv, Iris, ESP, BetterLib, Get, FormatSemVer, makefolder, CEHGF, EXECUTOR_FILING_FUNCTIONS, Config, FormatHours, CountList

local SCRIPT_NAME = "Emden404Hub"
local SCRIPT_VERSION = {
    --Semantic Versioning
    Major = 1;
    Minor = 1;
    Patch = 7;
}

local genv = getgenv()

if not BetterLib then
    local OldGet = game.HttpGet or game.HttpGetAsync or nil
    assert(OldGet, "No HttpGet function found.")
    -- Load BetterLib first (if it's not already loaded), since every other loaded stuff will depend on it. If BetterLib fails to load, everything else won't work, but at least the error will be more informative.
    loadstring(OldGet(game, "https://raw.githubusercontent.com/Brycki404/BetterLib/refs/heads/main/main.lua", true))()
end
-- Begin Script:

-- Load Dependencies:

if not Iris then
    local IrisLoaderUrl = "https://raw.githubusercontent.com/Brycki404/Iris/refs/heads/main/loader.lua"
    genv.Iris = loadstring(Get(IrisLoaderUrl))()
end

if not ESP then
    local ESP404LibUrl = "https://raw.githubusercontent.com/Brycki404/ESP404Lib/refs/heads/main/main.lua"
    genv.ESP = loadstring(Get(ESP404LibUrl))()
end

-- Loaded Dependencies!

-- Generic Helpers
function genv.FormatHours(seconds: number): string
    seconds = math.max(0, math.floor(seconds)) -- clamp + remove decimals

    local hours = math.floor(seconds / 3600)
    local minutes = math.floor((seconds % 3600) / 60)
    local secs = seconds % 60

    return string.format("%02d:%02d:%02d", hours, minutes, secs)
end

function genv.FormatMinutes(seconds: number): string
    seconds = math.max(0, math.floor(seconds))
    local minutes = math.floor(seconds / 60)
    local secs = seconds % 60
    return string.format("%02d:%02d", minutes, secs)
end

function genv.FormatSemVer(versionTable: { Major: number?, Minor: number?, Patch: number? }): string
    assert(type(versionTable) == "table", "FormatSemVer expects a table")

    local major = versionTable.Major or 0
    local minor = versionTable.Minor or 0
    local patch = versionTable.Patch or 0

    return string.format("%d.%d.%d", major, minor, patch)
end
local ver = FormatSemVer(SCRIPT_VERSION)

-- Setup executor workspace file directory for saving configs and settings:

local HTTPService = game:GetService("HttpService")

--Check Executor Has Global Function
function genv.CEHGF(name: string): boolean
    if genv[name] and type(genv[name]) == "function" then
        return true
    end
    return false
end

genv.EXECUTOR_FILING_FUNCTIONS = {
    "readfile";
    "listfiles";
    "writefile";
    "makefolder";
    "appendfile";
    "isfile";
    "isfolder";
    "delfile";
    "delfolder";
    "loadfile";
    "dofile";
}

genv.EXECUTOR_FILING_ENABLED = true
for i, name in ipairs(EXECUTOR_FILING_FUNCTIONS) do
    if not CEHGF(name) then
        EXECUTOR_FILING_ENABLED = false
        warn("Executor does not support file functions. File saving/loading features will be disabled. Missing function: " .. name)
        break
    end
end

if EXECUTOR_FILING_ENABLED then
    SCRIPT_DIRECTORY_PATH = SCRIPT_NAME .. "_" .. ver
    makefolder(SCRIPT_DIRECTORY_PATH)
    CONFIG_DIRECTORY_PATH = SCRIPT_DIRECTORY_PATH .. "/Configs"
    makefolder(CONFIG_DIRECTORY_PATH)
end

-- Done setting up file directory!

HEALTH_DISPLAY_TYPES = {
    None = "None";
    ["Vertical Bar"] = "Vertical Bar";
    ["Horizontal Bar"] = "Horizontal Bar";
    Text = "Text";
}
SELECTABLE_HEALTH_DISPLAY_TYPES = {
    [1] = HEALTH_DISPLAY_TYPES.None;
    [2] = HEALTH_DISPLAY_TYPES["Vertical Bar"];
    [3] = HEALTH_DISPLAY_TYPES["Horizontal Bar"];
    [4] = HEALTH_DISPLAY_TYPES.Text;
}

ESP_TYPES = {
    ["Box"] = "Box";
    ["Quad"] = "Quad";
    ["Rect"] = "Rect";
}
SELECTABLE_ESP_TYPES = {
    [1] = ESP_TYPES.Box;
    [2] = ESP_TYPES.Quad;
    [3] = ESP_TYPES.Rect;
}

TRACER_ORIGINS = ESP.TRACER_ORIGINS or {
    Mouse = "Mouse";
    Bottom = "Bottom";
    Top = "Top";
    Center = "Center";
}
SELECTABLE_TRACER_ORIGINS = ESP.SELECTABLE_TRACER_ORIGINS or {
    [1] = TRACER_ORIGINS.Mouse;
    [2] = TRACER_ORIGINS.Bottom;
    [3] = TRACER_ORIGINS.Top;
    [4] = TRACER_ORIGINS.Center;
}

TRACER_TARGETS = ESP.TRACER_TARGETS or {
    Center = "Center";
    Top = "Top";
    Bottom = "Bottom";
}
SELECTABLE_TRACER_TARGETS = ESP.SELECTABLE_TRACER_TARGETS or {
    [1] = TRACER_TARGETS.Center;
    [2] = TRACER_TARGETS.Top;
    [3] = TRACER_TARGETS.Bottom;
}

-- External States
local initESPType = table.find(SELECTABLE_ESP_TYPES, ESP_TYPES.Box)
local initTracerOrigin = table.find(SELECTABLE_TRACER_ORIGINS, TRACER_ORIGINS.Center)
local initTracerTarget = table.find(SELECTABLE_TRACER_TARGETS, TRACER_TARGETS.Bottom)
local initHealthDisplayType = table.find(SELECTABLE_HEALTH_DISPLAY_TYPES, HEALTH_DISPLAY_TYPES["Vertical Bar"])

genv.Config = {
    ["showMainWindow"] = Iris.State(true);
    ["showBackground"] = Iris.State(false);
    ["backgroundColor"] = Iris.State(Color3.fromRGB(115, 140, 152));
    ["backgroundTransparency"] = Iris.State(0);
    ["showRuntimeInfo"] = Iris.State(false);
    ["showStyleEditor"] = Iris.State(false);
    ["showDebugWindow"] = Iris.State(false);
    --Referring to Iris' GlobalConfig:
    ["IrisSizingConfig"] = Iris.State({});
    ["IrisColorsConfig"] = Iris.State({});
    ["IrisFontsConfig"] = Iris.State({});

    ["windowKeyCode"] = Iris.State("F3");

    ["antis"] = Iris.State({
        ["antiCuffEnabled"] = false;
        ["antiRagdollEnabled"] = false;
        ["antiTazerEnabled"] = false;
        ["antiHackBypassEnabled"] = false;
    });

    ["carDamageDisabled"] = Iris.State(false);
    ["vehicleNoclipEnabled"] = Iris.State(false);

    ["ghostriderEnabled"] = Iris.State(false);
    ["nitrousKeybind"] = Iris.State("LeftShift");
    ["airbrakeKeybind"] = Iris.State("LeftCtrl");
    ["nitrous"] = Iris.State(100);
    ["airbrake"] = Iris.State(0.005);  -- Range 0 to 1 (0.1 is slow stop, 0.9 is almost instant)

    ["rocketLeagueControls"] = Iris.State({
        ["airRollEnabled"] = false;
        ["airPitchEnabled"] = false;
        ["powerSlideEnabled"] = false;
    });
    ["airRollLeftKeybind"] = Iris.State("R");
    ["airRollRightKeybind"] = Iris.State("T");
    ["airPitchUpKeybind"] = Iris.State("F");
    ["airPitchDownKeybind"] = Iris.State("V");
    ["powerSlideLeftKeybind"] = Iris.State("A");
    ["powerSlideRightKeybind"] = Iris.State("D");
    ["airRollStrength"] = Iris.State(50000); -- Degrees
    ["airPitchStrength"] = Iris.State(50000); -- Degrees
    ["powerSlideStrength"] = Iris.State(50000); -- Degrees

    ["ESP"] = {
        ["MasterMaxRenderDistance"] = Iris.State(20000);
        ["MasterShapes"] = Iris.State(true);
        ["MasterText"] = Iris.State(true);
        ["MasterTracers"] = Iris.State(false);
        ["Categories"] = {
            ["Player"] = {
                ["MaxRenderDistance"] = Iris.State(20000);
                ["Shapes"] = Iris.State(true);
                ["Text"] = Iris.State(true);
                ["Tracers"] = Iris.State(false);
                ["Color"] = Iris.State(Color3.new(1, 1, 1));
                ["Transparency"] = Iris.State(0);
                ["ESPType"] = Iris.State(initESPType);
                ["TracerOrigin"] = Iris.State(initTracerOrigin);
                ["TracerTarget"] = Iris.State(initTracerTarget);

                ["MaxHealthDistance"] = Iris.State(300);
                ["HealthDisplayType"] = Iris.State(initHealthDisplayType);
                ["DisplayHealthText"] = Iris.State(true);
            };
        };
    };
}

local SelectableCategories = {
    [1] = "None";
    [2] = "Player";
};
local SelectedCategory = Iris.State(1);

-- Dex++
local dexLoaded = Iris.State(false)
local DEX_URL = "https://github.com/AZYsGithub/DexPlusPlus/releases/latest/download/out.lua"
local RunDex = nil
RunDex = function()
    RunDex = nil
    loadstring(Get(DEX_URL))()
end
-- Hydroxide
local hydroxideLoaded = Iris.State(false)
local RunHydroxide = nil
RunHydroxide = function()
    RunHydroxide = nil
    local owner = "Upbolt"
    local branch = "revision"

    local function webImport(file)
        return loadstring(Get(("https://raw.githubusercontent.com/%s/Hydroxide/%s/%s.lua"):format(owner, branch, file)), file .. '.lua')()
    end

    webImport("init")
    webImport("ui/main")
end

local ReplicatedStorage = game:GetService("ReplicatedStorage")
local UserInputService = game:GetService("UserInputService")
local RunService = game:GetService("RunService")
local CollectionService = game:GetService("CollectionService")

local Players = game:GetService("Players")
local LocalPlayer = Players.LocalPlayer

local antisConnection = nil
local function antisChanged(antis)
    if antis == nil then
        antis = Config.antis:get()
    end
    local amountEnabled = 0
    local enable = true
    for _, v in pairs(antis) do
        if v == true then
            amountEnabled += 1
        end
    end
    if amountEnabled == 0 then
        enable = false
    end
    if enable then
        if not antisConnection then
            antisConnection = RunService.Heartbeat:Connect(function()
                local antisNow = Config.antis:get()
                local disable = false
                for _, v in pairs(antisNow) do
                    if v == true then
                        amountEnabled += 1
                    end
                end
                if amountEnabled == 0 then
                    disable = true
                end
                amountEnabled = 0
                if disable then
                    antisConnection:Disconnect()
                    antisConnection = nil
                    return
                end

                local ch = LocalPlayer.Character
                if ch then
                    local hu = ch:FindFirstChildOfClass("Humanoid")
                    if hu then
                        if antis.antiCuffEnabled and hu:GetAttribute("CuffState") ~= 1 then
                            hu:SetAttribute("CuffState", 1)
                        end
                        if antis.antiRagdollEnabled and hu:GetAttribute("Ragdoll") == true then
                            hu:SetAttribute("Ragdoll", false)
                        end
                        if antis.antiTazerEnabled and hu:GetAttribute("IsTazerd") == true then
                            hu:SetAttribute("IsTazerd", false)
                        end
                    end
                    if antis.antiHackBypassEnabled then
                        local antihack_alt = ch:FindFirstChild("Antihack_alt")
                        local antihack = ch:FindFirstChild("Antihack")
                        if antihack_alt then
                            antihack_alt:Destroy()
                        end
                        if antihack then
                            antihack:Destroy()
                        end
                    end
                end
            end)
        end
    else
        if antisConnection then
            if antisConnection.Connected then
                antisConnection:Disconnect()
            end
            antisConnection = nil
        end
    end
end

local disableCarDamageConnection = nil
local oldCrashStep = nil
local function newCrashStep(_, p63)
    return 0
end
local function carDamageDisabledChanged(disabled)
    if disabled == nil then
        disabled = Config.carDamageDisabled:get()
    end
    if disabled then
        if not disableCarDamageConnection then
            disableCarDamageConnection = RunService.Heartbeat:Connect(function()
                local ch = LocalPlayer.Character
                if ch then
                    local occupantScript = ch:FindFirstChild("OccupantScript")
                    if occupantScript then
                        local driverScript = occupantScript:FindFirstChild("DriverScript")
                        if driverScript then
                            local vehicleObj = driverScript:FindFirstChild("VehicleObject")
                            if vehicleObj then
                                local vehicle = vehicleObj.Value
                                if vehicle then
                                    local vehicleScripts = vehicle:FindFirstChild("Scripts")
                                    if vehicleScripts then
                                        local chassisHandlerModule = vehicleScripts:FindFirstChild("ChassisHandler")
                                        if chassisHandlerModule then
                                            local chassisHandler = require(chassisHandlerModule)
                                            if oldCrashStep == nil then
                                                oldCrashStep = chassisHandler.CrashStep
                                            end
                                            chassisHandler.CrashStep = newCrashStep
                                        end
                                    end
                                end
                            end
                        end
                    end
                end
            end)
        end
    else
        if disableCarDamageConnection then
            if disableCarDamageConnection.Connected then
                disableCarDamageConnection:Disconnect()
            end
            disableCarDamageConnection = nil
        end
    end
end

local vehicleNoclipConnection = nil
local vs = workspace:FindFirstChild("Vehicles")
local originalCollisions = {}
local function resetCollisions(v: Instance)
    local tab = originalCollisions[v] or nil
    if tab then
       for p, cc in pairs(tab) do
           p.CanCollide = cc
       end
    else
        tab = {}
        for _, p in ipairs(v:GetDescendants()) do
            if p:IsA("BasePart") then
                tab[p] = p.CanCollide
            end
        end
        originalCollisions[v] = tab
    end
end
local function vehicleNoclipEnabledChanged(enabled)
    if not vs then
        vs = workspace:FindFirstChild("Vehicles")
    end
    if enabled == nil then
        enabled = Config.carDamageDisabled:get()
    end
    if vs and enabled then
        if not vehicleNoclipConnection then
            vehicleNoclipConnection = RunService.Heartbeat:Connect(function()
                local myv = nil
                local ch = LocalPlayer.Character
                if ch then
                    local occupantScript = ch:FindFirstChild("OccupantScript")
                    if occupantScript then
                        local driverScript = occupantScript:FindFirstChild("DriverScript")
                        if driverScript then
                            local vehicleObj = driverScript:FindFirstChild("VehicleObject")
                            if vehicleObj then
                                myv = vehicleObj.Value
                            end
                        end
                    end
                end
                for _, v in ipairs(vs:GetChildren()) do
                    resetCollisions(v)
                    if v ~= myv then
                        for _, p in ipairs(v:GetDescendants()) do
                            if p:IsA("BasePart") then
                                p.CanCollide = false
                            end
                        end
                    end
                end
            end)
        end
    else
        if vehicleNoclipConnection then
            if vehicleNoclipConnection.Connected then
                vehicleNoclipConnection:Disconnect()
            end
            vehicleNoclipConnection = nil
        end
    end
end

local ghostriderConnection = nil
local function ghostriderEnabledChanged(enabled)
    if enabled == nil then
        enabled = Config.ghostriderEnabled:get()
    end
    if enabled then
        if not ghostriderConnection then
            ghostriderConnection = RunService.PreSimulation:Connect(function()
                local intens = Config.nitrous:get()
                local brakePower = Config.airbrake:get()

                local subject = workspace.CurrentCamera.CameraSubject
                local targetPart = nil

                -- Determine the target (Seat or Part)
                if subject:IsA("Humanoid") and subject.SeatPart then
                    targetPart = subject.SeatPart
                elseif subject:IsA("BasePart") then
                    targetPart = subject
                end

                if not targetPart then return end

                -- BOOST LOGIC (Left Shift)
                if UserInputService:IsKeyDown(Enum.KeyCode.LeftShift) then
                    targetPart:ApplyImpulse(targetPart.CFrame.LookVector * Vector3.new(intens, intens, intens))
                end

                -- SMOOTH BRAKE LOGIC (Left Control)
                if UserInputService:IsKeyDown(Enum.KeyCode.LeftControl) then
                    -- We 'Lerp' the current velocity toward a zero vector
                    -- This creates a "Tween" effect for physics
                    targetPart.AssemblyLinearVelocity = targetPart.AssemblyLinearVelocity:Lerp(Vector3.zero, brakePower)
                    
                    -- We also smooth out the spinning/rotation so it doesn't jitter
                    targetPart.AssemblyAngularVelocity = targetPart.AssemblyAngularVelocity:Lerp(Vector3.zero, brakePower)
                end
            end)
        end
    else
        if ghostriderConnection then
            if ghostriderConnection.Connected then
                ghostriderConnection:Disconnect()
            end
            ghostriderConnection = nil
        end
    end
end

local function extendToolHitbox()
    local char = LocalPlayer.Character
    if not char then return end
    local tool = char:FindFirstChildOfClass("Tool")
    if not tool then return end
    local handle = tool:FindFirstChild("Handle")
    if not handle then return end
    if typeof(handle) ~= "Instance" or not handle:IsA("BasePart") then return end
    local a = Instance.new("SelectionBox", handle)
    a.Adornee = handle
    handle.Size=Vector3.new(20, 20, 20)
    handle.Transparency = 1
end

local rocketleagueConnection = nil
local function rocketLeagueControlsChanged(controls)
    if controls == nil then
        controls = Config.rocketLeagueControls:get()
    end
    local amountEnabled = 0
    local enable = true
    for _, v in pairs(controls) do
        if v == true then
            amountEnabled += 1
        end
    end
    if amountEnabled == 0 then
        enable = false
    end
    if enable then
        if not rocketleagueConnection then
            rocketleagueConnection = RunService.PreSimulation:Connect(function(dt: number)
                local controlsNow = Config.rocketLeagueControls:get()
                local disable = false
                for _, v in pairs(controlsNow) do
                    if v == true then
                        amountEnabled += 1
                    end
                end
                if amountEnabled == 0 then
                    disable = true
                end
                amountEnabled = 0
                if disable then
                    rocketleagueConnection:Disconnect()
                    rocketleagueConnection = nil
                    return
                end

                local airRollStrength = math.rad(Config.airRollStrength:get())
                local airPitchStrength = math.rad(Config.airPitchStrength:get())
                local powerSlideStrength = math.rad(Config.powerSlideStrength:get())

                local keybinds = {
                    airRollLeft = {controlsNow.airRollEnabled, Config.airRollLeftKeybind:get(), "LookVector", -airRollStrength};
                    airRollRight = {controlsNow.airRollEnabled, Config.airRollRightKeybind:get(), "LookVector", airRollStrength};
                    airPitchUp = {controlsNow.airPitchEnabled, Config.airPitchUpKeybind:get(), "RightVector" , airPitchStrength};
                    airPitchDown = {controlsNow.airPitchEnabled, Config.airPitchDownKeybind:get(), "RightVector", -airPitchStrength};
                    powerSlideLeft = {controlsNow.powerSlideEnabled, Config.powerSlideLeftKeybind:get(), "UpVector", powerSlideStrength};
                    powerSlideRight = {controlsNow.powerSlideEnabled, Config.powerSlideRightKeybind:get(), "UpVector", -powerSlideStrength};
                }

                local subject = workspace.CurrentCamera.CameraSubject
                local targetPart = nil

                -- Determine the target (Seat or Part)
                if subject:IsA("Humanoid") and subject.SeatPart then
                    targetPart = subject.SeatPart
                elseif subject:IsA("BasePart") then
                    targetPart = subject
                end

                if not targetPart then return end
                
                for _, k in pairs(keybinds) do
                    if k[1] ~= true then
                        continue
                    end
                    local keyCodeName = k[2]
                    if not keyCodeName then
                        continue
                    end
                    local keyCode = Enum.KeyCode[keyCodeName]
                    if not keyCode then
                        continue
                    end
                    local dir = k[3]
                    if not dir then
                        continue
                    end
                    local strength = k[4]
                    if not strength then
                        continue
                    end
                    local must = k[5]
                    if must ~= nil and UserInputService:IsKeyDown(must) == false then
                        continue
                    end
                    local mustnt = k[6]
                    if mustnt ~= nil and UserInputService:IsKeyDown(mustnt) == true then
                        continue
                    end
                    if UserInputService:IsKeyDown(keyCode) then
                        targetPart:ApplyAngularImpulse(targetPart.CFrame[dir] * strength)
                    end
                end
                local aav = targetPart.AssemblyAngularVelocity
                local rx, ry, rz = aav.X, aav.Y, aav.Z
                local eachmax = math.rad(90)
                if controlsNow.airPitchEnabled then
                    local max = eachmax
                    rx = math.clamp(rx, -max, max)
                end
                if controlsNow.powerSlideEnabled then
                    local max = eachmax
                    ry = math.clamp(ry, -max, max)
                end
                if controlsNow.airRollEnabled then
                    local max = eachmax
                    rz = math.clamp(rz, -max, max)
                end
                targetPart.AssemblyAngularVelocity = Vector3.new(rx, ry, rz)
            end)
        end
    else
        if rocketleagueConnection then
            if rocketleagueConnection.Connected then
                rocketleagueConnection:Disconnect()
            end
            rocketleagueConnection = nil
        end
    end
end

function setPropertiesRecursively(instance, properties)
    for i, v in pairs(properties) do
        if instance[i] ~= nil then
            if type(instance[i]) == "table" and type(v) == "table" then
                setPropertiesRecursively(instance[i], v)
            else
                instance[i] = v
            end
        end
    end
end

local ak47Tampered = false
local weaponModule = ReplicatedStorage.Client.Database.ToolInformation.Informations.Weapon
local weaponMod = require(weaponModule)
local function tamperGun(gun: string)
    local gun = weaponMod.Data[gun]

    -- print(repr(gun, reprSettings))

    local newProperties = {
        MaxAmmo = math.huge;
        Ammo = math.huge;
        CameraSettings = {
            Recoil = {
                Angle = 0;
            };
        };
        Damage = {
            Head = 100;
            Torso = 100;
            Limbs = 100;
        };
        ProjectileProperties = {
            MaxDistance = 10000;
        };
        MuzzleVelocity = 10000;
        Range = 10000;
        FullDamageRange = 0;
        Firerate = 10000;
        ReloadTime = 0.003;
        BurstShotCount = 100;
        ClimbRate = 0;
    }

    setPropertiesRecursively(gun, newProperties)
end

--AutoBus
local autobus_thread = nil
local autobus_enabled = Iris.State(false)
do
    local DefaultBusLocationsTable = {
        BusStop_4OrangeInv = { 904.1454467773438, 68.958984375, 834.0386352539062, -0.7661795616149902, 0, 0.6426267623901367, 0, 1, 0, -0.6426267623901367, 0, -0.7661795616149902 },
        BusStop_5Rot = { -1563.828125, 41.515625, -538.75390625, 0.938283383846283, 0, -0.34586742520332336, 0, 1, 0, 0.34586742520332336, 0, 0.938283383846283 },
        BusStop_5OrangeInv = { 642.195556640625, 41.515625, -2004.3958740234375, 0.9986181855201721, 0, 0.05255195498466492, 0, 1, 0, -0.05255195498466492, 0, 0.9986181855201721 },
        BusStop_6RotInv = { 612.1533813476562, 41.515625, -2003.4979248046875, -0.9986186027526855, 0, -0.05255195498466492, 0, 1, 0, 0.05255195498466492, 0, -0.9986186027526855 },
        BusStop_7RotInv = { -561.9729614257812, 41.51171875, -1204.152587890625, -0.9993922710418701, 0, -0.03486879914999008, 0, 1, 0, 0.03486879914999008, 0, -0.9993922710418701 },
        BusStop_1Rot = { 20.845703125, 68.958984375, 681.998046875, 0.9848124980926514, 0, 0.17362114787101746, 0, 1, 0, -0.17362114787101746, 0, 0.9848124980926514 },
        BusStop_2Orange = { -2097.86767578125, 41.515625, 425.59649658203125, -0.017623186111450195, 0, 0.9998448491096497, 0, 1, 0, -0.9998448491096497, 0, -0.017623186111450195 },
        BusStop_6OrangeInv = { -2332.544921875, 41.515625, -1221.6705322265625, -0.9658845663070679, 0, 0.25897300243377686, 0, 1, 0, -0.25897300243377686, 0, -0.9658845663070679 },
        BusStop_7Rot = { -2096.721435546875, 41.515625, 471.6341857910156, 0.01762288808822632, 0, -0.9998448491096497, 0, 1, 0, 0.9998448491096497, 0, 0.01762288808822632 },
        BusStop_2RotInv = { -2097.859375, 41.515625, 426.078125, -0.017623186111450195, 0, 0.9998448491096497, 0, 1, 0, -0.9998448491096497, 0, -0.017623186111450195 },
        BusStop_1RotInv = { 72.849609375, 68.958984375, 726.095703125, 0.9848124980926514, 0, 0.17362114787101746, 0, 1, 0, -0.17362114787101746, 0, 0.9848124980926514 },
        BusStop_3OrangeInv = { 830.0198364257812, 41.36328125, 1545.96484375, -1, 0, 0, 0, 1, 0, 0, 0, -1 },
        BusStop_5RotInv = { -525.1734619140625, 41.578125, -1102.8594970703125, 0.9993919134140015, 0, 0.03486879914999008, 0, 1, 0, -0.03486879914999008, 0, 0.9993919134140015 },
        BusStop_3Orange = { -2288.2734375, 41.515625, -1210.1875, 0.9658845663070679, 0, -0.25897300243377686, 0, 1, 0, 0.25897300243377686, 0, 0.9658845663070679 },
        BusStop_4Orange = { 612.56640625, 41.515625, -2003.51953125, -0.9986186027526855, 0, -0.05255195498466492, 0, 1, 0, 0.05255195498466492, 0, -0.9986186027526855 },
        BusStop_Start = { -12.13671875, 68.9609375, 1011.41796875, 0.9848124980926514, 0, 0.17362114787101746, 0, 1, 0, -0.17362114787101746, 0, 0.9848124980926514 },
        BusStop_1Orange = { 93.435546875, 68.958984375, 618.572265625, 0.9848124980926514, 0, 0.17362114787101746, 0, 1, 0, -0.17362114787101746, 0, 0.9848124980926514 },
        BusStop_3RotInv = { -2288.28125, 41.515625, -1210.15625, -0.9658845663070679, 0, 0.25897300243377686, 0, 1, 0, -0.25897300243377686, 0, -0.9658845663070679 },
        BusStop_2OrangeInv = { 892.01953125, 68.958984375, 823.86328125, -0.7661795616149902, 0, 0.6426267623901367, 0, 1, 0, -0.6426267623901367, 0, -0.7661795616149902 },
        BusStop_4RotInv = { -1578.69140625, 41.515625, -586.09765625, -0.9382835626602173, 0, 0.34586742520332336, 0, 1, 0, -0.34586742520332336, 0, -0.9382835626602173 },
        BusStop_5Orange = { 830.9609375, 41.36328125, 1545.96484375, -1, 0, 0, 0, 1, 0, 0, 0, -1 },
        BusStop_4Rot = { -561.64453125, 41.51171875, -1204.1640625, -0.9993922710418701, 0, -0.03486879914999008, 0, 1, 0, 0.03486879914999008, 0, -0.9993922710418701 },
        BusStop_1OrangeInv = { 0.58984375, 68.958984375, 790.365234375, 0.9848124980926514, 0, 0.17362114787101746, 0, 1, 0, -0.17362114787101746, 0, 0.9848124980926514 },
        BusStop_6Rot = { -2332.0546875, 41.515625, -1221.5390625, -0.9658845663070679, 0, 0.25897300243377686, 0, 1, 0, -0.25897300243377686, 0, -0.9658845663070679 },
        BusStop_7OrangeInv = { -2096.7265625, 41.515625, 471.3359375, 0.01762288808822632, 0, -0.9998448491096497, 0, 1, 0, 0.9998448491096497, 0, 0.01762288808822632 },
        BusStop_6Orange = { 903.943359375, 68.958984375, 833.869140625, -0.7661795616149902, 0, 0.6426267623901367, 0, 1, 0, -0.6426267623901367, 0, -0.7661795616149902 },
        BusStop_3Rot = { 641.94921875, 41.515625, -2004.3828125, 0.9986181855201721, 0, 0.05255195498466492, 0, 1, 0, -0.05255195498466492, 0, 0.9986181855201721 },
        BusStop_2Rot = { -525.40234375, 41.578125, -1102.8515625, 0.9993919134140015, 0, 0.03486879914999008, 0, 1, 0, -0.03486879914999008, 0, 0.9993919134140015 }
    }

    masterBusLocations = {}

    saveLocations = nil

    if EXECUTOR_FILING_ENABLED then
        local SAVE_FILE_PATH = SCRIPT_DIRECTORY_PATH.."/AutoBus_Locations.json"

        saveLocations = function()
            if writefile then
                local saveTable = {}
                for name, cf in pairs(masterBusLocations) do
                    saveTable[name] = {cf:GetComponents()}
                end
                writefile(SAVE_FILE_PATH, HttpService:JSONEncode(saveTable))
            end
        end

        function loadLocations()
            if isfile and isfile(SAVE_FILE_PATH) then
                local jsonData = readfile(SAVE_FILE_PATH)
                local success, saveTable = pcall(function() return HttpService:JSONDecode(jsonData) end)
                if success and type(saveTable) == "table" then
                    if #saveTable == 0 then
                        saveTable = DefaultBusLocationsTable
                    end
                    for name, comps in pairs(saveTable) do
                        masterBusLocations[name] = CFrame.new(table.unpack(comps))
                    end
                end
            end
        end

        loadLocations()
    else
        masterBusLocations = DefaultBusLocationsTable
    end

    -- ==========================================
    -- VEHICLE DETECTION
    -- ==========================================
    function getMyBus()
        local character = player.Character
        if character then
            local humanoid = character:FindFirstChildOfClass("Humanoid")
            if humanoid and humanoid.SeatPart then
                local vehicle = humanoid.SeatPart
                local busModel = vehicle
                while vehicle and vehicle.Parent and vehicle.Parent ~= game.Workspace do
                    vehicle = vehicle.Parent
                    if vehicle:IsA("Model") then
                        busModel = vehicle
                    elseif vehicle:IsA("Folder") then
                        break 
                    end
                end
                return busModel
            end
        end
        return nil
    end

    function setEntireBusVelocity(bus, linearVelocity)
        for _, part in ipairs(bus:GetDescendants()) do
            if part:IsA("BasePart") then
                part.AssemblyLinearVelocity = linearVelocity
                part.AssemblyAngularVelocity = Vector3.zero
            end
        end
    end

    -- ==========================================
    -- PROMPT DETECTION
    -- ==========================================
    function waitForPromptToClear()
        -- This looks for the "Stop Your Vehicle" text in your PlayerGui
        -- The script will wait here until that specific text disappears
        local startTime = tick()
        repeat 
            task.wait(0.5)
            local promptFound = false
            -- Search through PlayerGui for the specific text from your video
            local guiObjects = player.PlayerGui:GetDescendants()
            for _, obj in ipairs(guiObjects) do
                if obj:IsA("TextLabel") and (obj.Text:find("Stop Your Vehicle") or obj.Text:find("have to stop")) then
                    if obj.Visible == true and obj.TextTransparency < 1 then
                        promptFound = true
                        break
                    end
                end
            end
        until not promptFound or (tick() - startTime > 10) -- Max 10s timeout safety
    end

    -- ==========================================
    -- CORE LOGIC
    -- ==========================================
    function executeTeleport(bus, targetCFrame)
        local rootPart = bus.PrimaryPart or bus:FindFirstChildWhichIsA("BasePart", true)
        
        if rootPart then
            -- 60 studs back, 3 studs up
            local backwardOffset = -targetCFrame.LookVector * 60
            local spawnCFrame = (targetCFrame + backwardOffset) + Vector3.new(0, 3, 0)
            
            setEntireBusVelocity(bus, Vector3.zero)
            bus:PivotTo(spawnCFrame)
            
            local driveSpeed = targetCFrame.LookVector * 60
            setEntireBusVelocity(bus, driveSpeed)
            
            task.wait(1.5)
            
            -- Hard Brake
            setEntireBusVelocity(bus, Vector3.zero)
            
            -- NEW: Wait for the game UI to finish before moving to the next stop
            waitForPromptToClear()
        end
        
        task.wait(1) -- Short buffer after prompt clears
    end
end

-- Iris Init
table.insert(Iris.Internal._initFunctions, function()
    local background = Instance.new("Frame")
    background.Name = "Background"
    background.Size = UDim2.fromScale(1, 1)
    background.BackgroundColor3 = Config.backgroundColor:get()
    background.BackgroundTransparency = Config.backgroundTransparency:get()

    local widget
    if Iris._config.UseScreenGUIs then
        widget = Instance.new("ScreenGui")
        widget.Name = "Iris_Background"
        widget.IgnoreGuiInset = true
        widget.DisplayOrder = Iris._config.DisplayOrderOffset - 1
        widget.ScreenInsets = Enum.ScreenInsets.None
        widget.Enabled = true

        background.Parent = widget
    else
        background.ZIndex = Iris._config.DisplayOrderOffset - 1
        widget = background
    end

    Config.backgroundColor:onChange(function(value: Color3)
        background.BackgroundColor3 = value
    end)
    Config.backgroundTransparency:onChange(function(value: number)
        background.BackgroundTransparency = value
    end)

    Config.showBackground:onChange(function(show: boolean)
        if show then
            widget.Parent = Iris.Internal.parentInstance
        else
            widget.Parent = nil
        end
    end)
end)

-- Iris Helpers
local function helpMarker(helpText: string)
    Iris.PushConfig({ TextColor = Iris._config.TextDisabledColor })
    local text = Iris.Text({ "(?)" })
    Iris.PopConfig()

    Iris.PushConfig({ ContentWidth = UDim.new(0, 350) })
    if text.hovered() then
        Iris.Tooltip({ helpText })
    end
    Iris.PopConfig()
end

local function textAndHelpMarker(text: string, helpText: string)
    Iris.SameLine()
    do
        Iris.Text({ text })
        helpMarker(helpText)
    end
    Iris.End()
end

local function keybindButton(text: string, state)
    Iris.SameLine()
    do
        Iris.Text({ text })
        -- the button has a clicked event, returning true when it is pressed
        local currentKeyCodeName = state:get()
        if Iris.Button({currentKeyCodeName}).clicked() then
            -- run code if we click the button
            UserInputService.InputBegan:Once(function(input: InputObject, gameProcessedEvent: boolean)
                if not gameProcessedEvent then
                    if input and input.KeyCode and input.KeyCode.Name and input.KeyCode.Name ~= currentKeyCodeName then
                        state:set(input.KeyCode.Name)
                    end
                end
            end)
        end
    end
    Iris.End()
end

local function color4Picker(text: string, colorState, transparencyState)
    local ColorPicker = Iris.InputColor4({"Color"}, {
        color = Iris.WeakState(colorState:get());
        transparency = Iris.WeakState(transparencyState:get());
    })
    ColorPicker.state.color:set(colorState:get())
    ColorPicker.state.transparency:set(transparencyState:get())
    if ColorPicker.numberChanged() then
        colorState:set(ColorPicker.state.color:get())
        transparencyState:set(ColorPicker.state.transparency:get())
    end
end

-- shows list of runtime widgets and states, including IDs. shows other info about runtime and can show widgets/state info in depth.
local function runtimeInfo()
    local runtimeInfoWindow = Iris.Window({ "Runtime Info" }, { isOpened = Config.showRuntimeInfo })
    do
        local lastVDOM = Iris.Internal._lastVDOM
        local states = Iris.Internal._states

        local numSecondsDisabled = Iris.State(3)
        local rollingDT = Iris.State(0)
        local lastT = Iris.State(os.clock())

        Iris.SameLine()
        do
            Iris.InputNum({ [Iris.Args.InputNum.Text] = "", [Iris.Args.InputNum.Format] = "%d Seconds", [Iris.Args.InputNum.Max] = 10 }, { number = numSecondsDisabled })
            if Iris.Button({ "Disable" }).clicked() then
                Iris.Disabled = true
                task.delay(numSecondsDisabled:get(), function()
                    Iris.Disabled = false
                end)
            end
        end
        Iris.End()

        local t = os.clock()
        local dt = t - lastT.value
        rollingDT.value += (dt - rollingDT.value) * 0.2
        lastT.value = t
        Iris.Text({ string.format("Average %.3f ms/frame (%.1f FPS)", rollingDT.value * 1000, 1 / rollingDT.value) })

        Iris.Text({
            string.format("Window Position: (%d, %d), Window Size: (%d, %d)", runtimeInfoWindow.position.value.X, runtimeInfoWindow.position.value.Y, runtimeInfoWindow.size.value.X, runtimeInfoWindow.size.value.Y),
        })
    end
    Iris.End()
end

local function debugPanel()
    Iris.Window({ "Debug Panel" }, { isOpened = Config.showDebugWindow })
    do
        Iris.CollapsingHeader({ "Widgets" })
        do
            Iris.SeparatorText({ "GuiService" })
            Iris.Text({ `GuiOffset: {Iris.Internal._utility.GuiOffset}` })
            Iris.Text({ `MouseOffset: {Iris.Internal._utility.MouseOffset}` })

            Iris.SeparatorText({ "UserInputService" })
            Iris.Text({ `MousePosition: {Iris.Internal._utility.UserInputService:GetMouseLocation()}` })
            Iris.Text({ `MouseLocation: {Iris.Internal._utility.getMouseLocation()}` })

            Iris.Text({ `Left Control: {Iris.Internal._utility.UserInputService:IsKeyDown(Enum.KeyCode.LeftControl)}` })
            Iris.Text({ `Right Control: {Iris.Internal._utility.UserInputService:IsKeyDown(Enum.KeyCode.RightControl)}` })
        end
        Iris.End()
    end
    Iris.End()
end

local function mainMenuBar()
    Iris.MenuBar()
    do
        Iris.Menu({ "Configs" })
        do
            Iris.MenuItem({ "New" })
            Iris.MenuItem({ "Open" })
            Iris.MenuItem({ "Save" })
        end
        Iris.End()

        Iris.Menu({ "Tools" })
        do
            Iris.MenuToggle({ "Runtime Info" }, { isChecked = Config.showRuntimeInfo })
            Iris.MenuToggle({ "Style Editor" }, { isChecked = Config.showStyleEditor })
            Iris.MenuToggle({ "Debug Panel" }, { isChecked = Config.showDebugWindow })
        end
        Iris.End()
    end
    Iris.End()
end

-- allows users to edit state
local styleEditor
do
    styleEditor = function()
        local styleList = {
            {
